2 0.5026899916272375 0.1745815896823973 0.22141333770376329 0.2239068308191097
2 0.07055470767587042 0.6254971963483454 0.09557006659063202 0.09084895749780841
2 0.0663956423441717 0.8476850241781011 0.08454289850474411 0.08433551791015258
2 0.26849426665973375 0.6270777269849096 0.08359280790011726 0.09149107590468639
2 0.26715876826904156 0.8371343631114255 0.0748015976532114 0.08028190494334726
2 0.4788727771999882 0.6160792221821981 0.07513737428293975 0.08989728955873187
2 0.47741136257314803 0.8297416275394832 0.07720544380705754 0.08039386587735628
2 0.6810896586740776 0.5982610421869796 0.07891103182857287 0.09487292326743771
2 0.6818642018862193 0.8166191789179481 0.07678572301989725 0.06837463510812551
2 0.8888124905881896 0.5945860367798155 0.08093712927397498 0.0841675765091389
2 0.8764078520328934 0.8123580355709105 0.08703068881602231 0.08685132499800775