2 0.5096153846153846 0.19831730769230768 0.21394230769230768 0.21394230769230768
2 0.09254807692307693 0.6298076923076923 0.09254807692307693 0.08653846153846154
2 0.09615384615384616 0.8521634615384616 0.08173076923076923 0.08052884615384616
2 0.29086538461538464 0.640625 0.08052884615384616 0.08774038461538461
2 0.296875 0.8509615384615384 0.07211538461538461 0.07692307692307693
2 0.5012019230769231 0.6394230769230769 0.07211538461538461 0.08653846153846154
2 0.5072115384615384 0.8533653846153846 0.07451923076923077 0.07692307692307693
2 0.703125 0.6310096153846154 0.07572115384615384 0.09134615384615384
2 0.7115384615384616 0.8497596153846154 0.07451923076923077 0.06490384615384616
2 0.9110576923076923 0.6370192307692307 0.078125 0.08052884615384616
2 0.90625 0.8545673076923077 0.08413461538461539 0.0829326923076923