2 0.4943462216891742 0.17082270864958354 0.2936488318888397 0.28569659183272555
2 0.06302104338596194 0.6310926871664342 0.10542872612436745 0.10933388514174752
2 0.2660830532666314 0.6299310368824494 0.085631045819623 0.09829280719041887
2 0.4693970236246231 0.6239616942907724 0.11479215026242975 0.1046380779635657
2 0.6664494181206772 0.6228699722127318 0.1001171128620305 0.09966255796160794
2 0.8802027554549932 0.6239862973118938 0.09973406133640485 0.11527357232041907
2 0.04700110983742668 0.8450909374234971 0.08411417214604702 0.09226920616461488
2 0.24778525380291108 0.8415534122680437 0.09961319190738585 0.09004717334622334
2 0.4557179461106034 0.8391338963423807 0.10359690185413857 0.09730066873132816
2 0.6587169658719423 0.8391741691353191 0.10890851511647553 0.10697199591146801
2 0.8603880823176968 0.8416322737232923 0.11751094701292868 0.11067566463055883