2 0.5036057692307693 0.17668269230769232 0.27884615384615385 0.2824519230769231
2 0.09615384615384616 0.6322115384615384 0.09975961538461539 0.10817307692307693
2 0.29927884615384615 0.6334134615384616 0.08052884615384616 0.09735576923076923
2 0.5024038461538461 0.6298076923076923 0.109375 0.10336538461538461
2 0.6995192307692307 0.6310096153846154 0.09495192307692307 0.0985576923076923
2 0.9134615384615384 0.6346153846153846 0.09375 0.1141826923076923
2 0.09134615384615384 0.8461538461538461 0.07932692307692307 0.09134615384615384
2 0.2920673076923077 0.8449519230769231 0.09495192307692307 0.0889423076923077
2 0.5 0.8449519230769231 0.0985576923076923 0.09615384615384616
2 0.703125 0.8473557692307693 0.10336538461538461 0.10576923076923077
2 0.9050480769230769 0.8521634615384616 0.11177884615384616 0.109375